F1: 0.5734732060553193
Accuracy: 0.6009000000000001
Recall: 0.6009000000000001
Precision: 0.572368466209346
ROC: 0.5365838645891798
