F1: 0.6112873628787484
Accuracy: 0.6163
Recall: 0.6163
Precision: 0.6242902716469264
ROC: 0.6175305810762274
