F1: 0.6756504883283541
Accuracy: 0.689375
Recall: 0.689375
Precision: 0.695332114310418
ROC: 0.6650439329347709
