F1: 0.5801307179337823
Accuracy: 0.577
Recall: 0.577
Precision: 0.6626707386471413
ROC: NaN
