F1: 0.3852538179466891
Accuracy: 0.503
Recall: 0.503
Precision: 0.6032166703272568
ROC: NaN
