F1: 0.6709083480170586
Accuracy: 0.675
Recall: 0.675
Precision: 0.6768398268398268
ROC: NaN
