F1: 0.8186425414143136
Accuracy: 0.708
Recall: 0.708
Precision: 0.9782445109128466
ROC: NaN
