F1: 0.32602592741395475
Accuracy: 0.4934
Recall: 0.4934
Precision: 0.24344356000000003
ROC: NaN
