F1: 0.8465206133964325
Accuracy: 0.8485
Recall: 0.8485
Precision: 0.8451435547886109
ROC: NaN
