Metrics for the generated data
F1: 0.5571131815917356
Accuracy: 0.5722500000000001
Recall: 0.5722500000000001
Precision: 0.5518788386465951
ROC: 0.5228315946348733

Metrics for the test data
F1: 0.745220759774295
Accuracy: 0.7454999999999999
Recall: 0.7454999999999999
Precision: 0.7492297933483759
ROC: 0.7469899720795946
