F1: 0.6592790567754906
Accuracy: 0.6751249999999999
Recall: 0.6751249999999999
Precision: 0.6821073796450444
ROC: 0.6510076005211866
