F1: 0.7029949533311877
Accuracy: 0.5847
Recall: 0.5847
Precision: 0.8812965300193674
ROC: NaN
