F1: 0.5169771327761888
Accuracy: 0.5370999999999999
Recall: 0.5370999999999999
Precision: 0.5417614219692749
ROC: 0.5349217331892328
