F1: 0.35169365047638085
Accuracy: 0.5105
Recall: 0.5105
Precision: 0.26824728122776703
ROC: NaN
