Metrics for the generated data
F1: 0.8986970481615743
Accuracy: 0.931
Recall: 0.931
Precision: 0.8685605605605606
ROC: NaN

Metrics for the test data
F1: 0.7094768200225559
Accuracy: 0.71
Recall: 0.71
Precision: 0.7103243491697737
ROC: NaN
