F1: 0.8082408577451565
Accuracy: 0.824
Recall: 0.824
Precision: 0.7940050526024363
ROC: NaN
