F1: 0.6333486426262517
Accuracy: 0.6604
Recall: 0.6604
Precision: 0.6277748608138765
ROC: 0.5585763212698523
