Metrics for the generated data
F1: 0.6769168771252537
Accuracy: 0.7065
Recall: 0.7065
Precision: 0.6822669389162683
ROC: 0.5996127217554764

Metrics for the test data
F1: 0.7465130531912784
Accuracy: 0.7467500000000001
Recall: 0.7467500000000001
Precision: 0.7502157758764271
ROC: 0.7481670038672111
