F1: 0.7141793289775445
Accuracy: 0.721375
Recall: 0.721375
Precision: 0.7183959719893094
ROC: 0.6938056008007871
