F1: 0.5532666019955653
Accuracy: 0.5994
Recall: 0.5994
Precision: 0.5613434382566587
ROC: 0.5243219284719273
