F1: 0.4363893066112025
Accuracy: 0.4383
Recall: 0.4383
Precision: 0.4369473533321696
ROC: 0.43766744854618406
