Metrics for the generated data
F1: 0.5622036613007374
Accuracy: 0.5855
Recall: 0.5855
Precision: 0.5565783518690796
ROC: 0.5211925059293366

Metrics for the test data
F1: 0.728512828403864
Accuracy: 0.7285
Recall: 0.7285
Precision: 0.7299726904213791
ROC: 0.7292446474210416
