F1: 0.6408166283615563
Accuracy: 0.645625
Recall: 0.645625
Precision: 0.6425330775762939
ROC: 0.6325560568342183
