F1: 0.5758836429247277
Accuracy: 0.5932500000000002
Recall: 0.5932500000000002
Precision: 0.6084811411927283
