F1: 0.6635435811440352
Accuracy: 0.6637500000000001
Recall: 0.6637500000000001
Precision: 0.663607022475979
