F1: 0.6783384867129205
Accuracy: 0.5649
Recall: 0.5649000000000001
Precision: 0.8487842260442261
ROC: NaN
