F1: 0.35258219494489534
Accuracy: 0.5167
Recall: 0.5167
Precision: 0.2675888009616348
ROC: NaN
