Metrics for the generated data
F1: 0.8905514849565178
Accuracy: 0.9235
Recall: 0.9235
Precision: 0.8758275602409639
ROC: NaN

Metrics for the test data
F1: 0.7094768200225559
Accuracy: 0.71
Recall: 0.71
Precision: 0.7103243491697737
ROC: NaN
