F1: 0.7948055408488175
Accuracy: 0.8135
Recall: 0.8135
Precision: 0.7820372815321119
ROC: NaN
