F1: 0.5667212924090329
Accuracy: 0.5376
Recall: 0.5376
Precision: 0.6440835253592911
ROC: NaN
