F1: 0.46929156485488577
Accuracy: 0.5481
Recall: 0.5481
Precision: 0.5833044989174634
ROC: NaN
