Metrics for the generated data
F1: 0.6537132880452033
Accuracy: 0.716
Recall: 0.716
Precision: 0.6470482499442658
ROC: NaN

Metrics for the test data
F1: 0.7094768200225559
Accuracy: 0.71
Recall: 0.71
Precision: 0.7103243491697737
ROC: NaN
