F1: 0.7040957763488338
Accuracy: 0.71775
Recall: 0.71775
Precision: 0.7104485210740535
ROC: NaN
