F1: 0.3885188263048764
Accuracy: 0.3973
Recall: 0.3973
Precision: 0.6662972443575141
ROC: 0.0
