F1: 0.7345522232308143
Accuracy: 0.742375
Recall: 0.742375
Precision: 0.7385839380571734
ROC: 0.7064900112190723
