F1: 0.6854042018421869
Accuracy: 0.698
Recall: 0.698
Precision: 0.6817998959146501
ROC: NaN
