F1: 0.6432629399585922
Accuracy: 0.648
Recall: 0.648
Precision: 0.6605367965367966
ROC: NaN
