F1: 0.6824554341575619
Accuracy: 0.685
Recall: 0.685
Precision: 0.6807776292335116
ROC: NaN
