F1: 0.5099935525467441
Accuracy: 0.525
Recall: 0.525
Precision: 0.5284900284900285
ROC: NaN
