F1: 0.5266350945074213
Accuracy: 0.55025
Recall: 0.55025
Precision: 0.5869061527624538
