Metrics for the generated data
F1: 0.6062745174132883
Accuracy: 0.6070000000000001
Recall: 0.6070000000000001
Precision: 0.6061642202057452
ROC: 0.6042950510727845

Metrics for the test data
F1: 0.7482240514076041
Accuracy: 0.7485
Recall: 0.7485
Precision: 0.7522536781415028
ROC: 0.7499932426412361
