Metrics for the generated data
F1: 0.5917935327193958
Accuracy: 0.6157500000000001
Recall: 0.6157500000000001
Precision: 0.5937850547920117
ROC: 0.5587059219958902

Metrics for the test data
F1: 0.745897508416043
Accuracy: 0.74625
Recall: 0.74625
Precision: 0.7504651917952018
ROC: 0.7478646746306729
