F1: 0.491701255846011
Accuracy: 0.46834999999999993
Recall: 0.46834999999999993
Precision: 0.7656941627411378
ROC: 0.6103571658404479
