Metrics for the generated data
F1: 0.7346338652901633
Accuracy: 0.7840000000000001
Recall: 0.7840000000000001
Precision: 0.7364679959455443
ROC: 0.5732319073441788

Metrics for the test data
F1: 0.7479876213590565
Accuracy: 0.7482499999999999
Recall: 0.7482499999999999
Precision: 0.751908783669161
ROC: 0.7497181931122991
