F1: 0.613898446119969
Accuracy: 0.6146000000000001
Recall: 0.6146000000000001
Precision: 0.614940471603271
ROC: 0.6141535044347226
