F1: 0.7622963889967458
Accuracy: 0.768625
Recall: 0.768625
Precision: 0.7635977436406229
ROC: 0.7264336329497355
