F1: 0.5629216446692392
Accuracy: 0.5925000000000001
Recall: 0.5925000000000001
Precision: 0.6315948361393849
ROC: 0.5952987957591266
