F1: 0.4202787725935267
Accuracy: 0.468
Recall: 0.468
Precision: 0.5474594375063458
ROC: 0.5196259220231823
