F1: 0.5156920896105412
Accuracy: 0.518
Recall: 0.518
Precision: 0.516878335373317
ROC: 0.5163294057377049
