Metrics for the generated data
F1: 0.5380392156862744
Accuracy: 0.56
Recall: 0.56
Precision: 0.5378386605783866
ROC: 0.5192228193468376

Metrics for the test data
F1: 0.78
Accuracy: 0.78
Recall: 0.78
Precision: 0.78062424969988
ROC: 0.78031212484994
