F1: 0.6164918132973441
Accuracy: 0.625
Recall: 0.625
Precision: 0.6440384615384616
ROC: 0.6296166549894906
