F1: 0.8475113712916343
Accuracy: 0.7921
Recall: 0.7921
Precision: 0.9177193331073389
ROC: 0.5170621932910278
