F1: 0.34327362190374194
Accuracy: 0.4682
Recall: 0.4682
Precision: 0.42411615623387716
ROC: 0.48312689469026193
