F1: 0.828353230843142
Accuracy: 0.8295
Recall: 0.8295
Precision: 0.8274777777777778
ROC: 0.7830211975740334
