F1: 0.5928114820732767
Accuracy: 0.594
Recall: 0.594
Precision: 0.6005058441558442
ROC: 0.5973833245094737
