F1: 0.45159856357311196
Accuracy: 0.518
Recall: 0.518
Precision: 0.5673402629358276
ROC: 0.53279985895119
