Metrics for the generated data
F1: 0.6553378022143557
Accuracy: 0.655
Recall: 0.655
Precision: 0.6559699248120302
ROC: 0.6539855072463767

Metrics for the test data
F1: 0.6699339735894358
Accuracy: 0.67
Recall: 0.67
Precision: 0.6700020018016214
ROC: 0.66986698669867
