F1: 0.649448073890516
Accuracy: 0.65
Recall: 0.65
Precision: 0.6515398550724637
ROC: 0.6504150415041504
