F1: 0.5234345366749756
Accuracy: 0.4926
Recall: 0.4926
Precision: 0.6493102650649996
ROC: NaN
