F1: 0.4521285360577136
Accuracy: 0.5281
Recall: 0.5281
Precision: 0.5730737849026415
ROC: NaN
