F1: 0.7201711760344232
Accuracy: 0.731625
Recall: 0.731625
Precision: 0.7257174119246596
ROC: NaN
