F1: 0.570039152185335
Accuracy: 0.5778
Recall: 0.5778
Precision: 0.5857289937822313
ROC: 0.5792487581903253
