Metrics for the generated data
F1: 0.5785986875254937
Accuracy: 0.6174999999999999
Recall: 0.6174999999999999
Precision: 0.5752036062121613
ROC: 0.5248733192081679

Metrics for the test data
F1: 0.746986579140026
Accuracy: 0.7472500000000001
Recall: 0.7472500000000001
Precision: 0.7509010945029814
ROC: 0.7487171029250853
