F1: 0.6632231974775182
Accuracy: 0.6740000000000002
Recall: 0.6740000000000002
Precision: 0.6731651455495732
ROC: 0.6509548399828545
