F1: 0.6578244122725462
Accuracy: 0.554
Recall: 0.554
Precision: 0.8095390650539391
ROC: NaN
