F1: 0.35330670017858323
Accuracy: 0.5166
Recall: 0.5166
Precision: 0.2684513016383556
ROC: NaN
