Metrics for the generated data
F1: 0.8521484204743267
Accuracy: 0.8955
Recall: 0.8955
Precision: 0.838997096511943
ROC: NaN

Metrics for the test data
F1: 0.7094768200225559
Accuracy: 0.71
Recall: 0.71
Precision: 0.7103243491697737
ROC: NaN
