F1: 0.7761365804208957
Accuracy: 0.79975
Recall: 0.79975
Precision: 0.7663570347539422
ROC: NaN
