F1: 0.47398964442530267
Accuracy: 0.456
Recall: 0.456
Precision: 0.651093868150761
ROC: 0.5383567776510866
