F1: 0.44552579880334287
Accuracy: 0.5276
Recall: 0.5276
Precision: 0.5543861703432876
ROC: 0.5225377669805187
