Metrics for the generated data
F1: 0.6484756177536903
Accuracy: 0.713
Recall: 0.713
Precision: 0.6404405171910572
ROC: 0.5185017704676794

Metrics for the test data
F1: 0.6958905245299477
Accuracy: 0.696
Recall: 0.696
Precision: 0.6963384086621082
ROC: 0.6960387841551365
