F1: 0.7089664932149665
Accuracy: 0.7195
Recall: 0.7195
Precision: 0.7133811256737561
ROC: 0.6767180225112679
