F1: 0.6373698814358404
Accuracy: 0.63905
Recall: 0.63905
Precision: 0.6427040887676043
ROC: 0.6397968153373877
