F1: 0.5253739911821796
Accuracy: 0.5358999999999999
Recall: 0.5358999999999999
Precision: 0.5192648677567198
ROC: 0.4900429621231893
