F1: 0.42419527521787626
Accuracy: 0.44420000000000004
Recall: 0.44420000000000004
Precision: 0.4372931345833485
ROC: 0.44619099440694965
