F1: 0.5621393559861158
Accuracy: 0.5714500000000001
Recall: 0.5714500000000001
Precision: 0.5564651369556516
ROC: 0.5193686979514461
