F1: 0.4393939393939394
Accuracy: 0.5
Recall: 0.5
Precision: 0.5120481927710844
ROC: NaN
