F1: 0.6775927237365559
Accuracy: 0.6795999999999999
Recall: 0.6795999999999999
Precision: 0.6830838793125844
ROC: 0.6787746329077216
