F1: 0.583281995058249
Accuracy: 0.5976999999999999
Recall: 0.5976999999999999
Precision: 0.5926772755605186
ROC: 0.5783817341408717
