F1: 0.672938541984922
Accuracy: 0.6793750000000001
Recall: 0.6793750000000001
Precision: 0.6849516246156567
ROC: 0.6717798943399425
