F1: 0.5584820389385259
Accuracy: 0.5700500000000001
Recall: 0.5700500000000001
Precision: 0.595219795565334
ROC: 0.5813715192556471
