Metrics for the generated data
F1: 0.7121719295316512
Accuracy: 0.7627500000000002
Recall: 0.7627500000000002
Precision: 0.734189717583953
ROC: 0.5734932227924726

Metrics for the test data
F1: 0.7455628761538854
Accuracy: 0.74575
Recall: 0.74575
Precision: 0.748860687632707
ROC: 0.7470668057514632
