F1: 0.6625619887231075
Accuracy: 0.66275
Recall: 0.66275
Precision: 0.6626069120588668
ROC: 0.6620897585660649
