Metrics for the generated data
F1: 0.40857142857142853
Accuracy: 0.45
Recall: 0.45
Precision: 0.4133333333333334
ROC: NaN

Metrics for the test data
F1: 0.6
Accuracy: 0.6
Recall: 0.6
Precision: 0.6
ROC: NaN
